           ### q1     q2     cz
### Q2, Q3 ### 99.78, 99.93, 98.0

array([[9800.,   80.,  354.,    6.],
       [ 634.,    6., 9523.,   77.],
       [ 265., 9587.,   20.,  368.],
       [  33.,  957.,  250., 9000.],
       [9739.,  129.,  282.,   90.],
       [9225.,   52.,  911.,   52.]])

### Q58, Q59 ### 99.924, 99.937, 99.19

array([[9871.,  129.,  234.,    6.],
       [ 414.,    0., 9692.,  134.],
       [ 555., 9413.,   21.,  251.],
       [  37.,  372.,  564., 9267.],
       [9824.,  180.,  138.,   98.],
       [9770.,   82.,  311.,   77.]])

### Q59, Q60 ### 99.937, 99.934, 98.95

array([[10033.,    91.,   113.,     3.],
       [  656.,     7.,  9483.,    94.],
       [  258.,  9859.,     6.,   117.],
       [   17.,   580.,   328.,  9315.],
       [ 9965.,   139.,    78.,    58.],
       [ 9946.,    43.,   177.,    74.]])

### Q81, Q82 ### 99.931, 99.94, 99.14

array([[9816.,  231.,  183.,   10.],
       [ 563.,   22., 9382.,  273.],
       [ 377., 9637.,   32.,  194.],
       [  71.,  677., 2717., 6775.],
       [9677.,  339.,  169.,   55.],
       [9683.,  243.,  263.,   51.]])

